091017 1000 123.7000000 124.1500000 123.4100000 123.8800000 2275410
091017 1015 123.8800000 124.3000000 123.8000000 124.1300000 1258890
091017 1030 124.1200000 124.3000000 123.9800000 124.0400000 508640
091017 1045 124.0500000 124.0500000 123.7000000 123.7500000 1024630
091017 1100 123.7500000 123.9000000 123.5200000 123.5800000 992890
091017 1115 123.5500000 123.9000000 123.4700000 123.7700000 416910
091017 1130 123.7700000 123.9500000 123.7500000 123.8000000 313040
091017 1145 123.8300000 123.9200000 123.7700000 123.8700000 266900
091017 1200 123.8800000 123.9000000 123.7000000 123.8400000 253540
091017 1215 123.8400000 123.8400000 123.5600000 123.6200000 362050
