091017 1000 194.2200000 194.9000000 193.7100000 194.6100000 2854270
091017 1015 194.6800000 194.7000000 194.0500000 194.2200000 1189360
091017 1030 194.2700000 194.3700000 193.8000000 194.0200000 1269390
091017 1045 194.0300000 194.0900000 193.5000000 193.6000000 1927520
091017 1100 193.6000000 194.0000000 193.1400000 193.2500000 1426110
091017 1115 193.2200000 193.4400000 193.0600000 193.1700000 1472280
091017 1130 193.1700000 193.4500000 192.8500000 193.4500000 1107740
091017 1145 193.4400000 193.5500000 193.1200000 193.3000000 626420
091017 1200 193.2900000 193.3300000 192.9200000 193.0000000 604940
091017 1215 193.0000000 193.1000000 192.5800000 193.0800000 441130
